30726063815567
21569261127277
40962712907138
69952835851728
45798548100157
99886951533213
52777786083283
3558355863590
66194280861688
3742017106805
39381098374056
9889149653190
7132162510246
9291579849758
97586426422835
98969687989963
76239042664933
70488503938157
15910827768747
97561996334146
71824485569342
43575328285553
72319534368498
75410706949459
39820089117003
24300689502676
22340821717313
17257846735685
60559837577066
76072349035461
31324554920978
85380283961895
48273859876976
64888849844177
42026164372709
50200102240832
93114754490949
34053124643350
13318241066002
16364793711954
77200444317050
3556319225702
13923288924786
79094615202820
45995622281062
6
100000000000000
10000050564564
9999999999999
99999999999987
